1661157008 53
1661159404 3069
1661160631 3071
1661161411 11601
1661240641 11835
1661242893 11847
1661245317 11850
1661249672 13188
1661259867 13167
1661260045 13157
1661260543 13410
1661261037 13554
1661261142 13680
1661263333 13680
1661264960 13691
1661265045 13691
1661265133 13691
1661266022 15062
1661325428 15064
1661326640 15061
1661326715 15070
1661328694 15077
1661329355 15040
1661329668 15006
1661334171 15109
1661334319 15218
1661334489 15247
1661334615 15248
1661336362 15309
1661344403 15324
1661345944 15370
1661354092 15371
1661354108 15416
1661414031 15512
1661414991 15512
1661430214 15534
1661430226 15619
1661431464 15642
1661431614 15644
1661431887 15645
1661432451 15645
1661433882 15645
1661433896 15644
1661433976 15639
1661440333 15644
1661440342 15640
1661500735 15637
1661500799 15685
1661500926 15685
1661502333 15679
1661505618 15707
1661508386 15726
1661508666 15780
1661508819 15781
1661508991 15781
1661517683 15788
1661520712 15790
1661524803 15834
1661764519 15902
1661765088 15898
1661766574 15933
1661767483 15937
1661767548 15934
1661777648 15958
1661778420 16014
1661778949 16002
1661779643 16003
1661780558 16003
1661782858 15996
1661784557 15988
1661846061 15986
1661847660 15995
1661851669 16028
1661851816 16031
1661853703 16034
1661854062 16034
1661854348 16033
1661864699 16033
1661864702 16047
1661865013 16198
1661867124 16229
1661868732 16241
1661872598 16250
1661938512 16319
1661947027 16299
1661952340 16341
1661952539 16360
1661958882 16398
1662017544 16404
1662018170 16503
1662018380 16516
1662021661 16515
1662021670 16514
1662026553 16538
1662034754 16538
1662036505 16461
1662038264 16493
1662038320 16503
1662038472 16516
1662038999 16515
1662039116 16327
1662043301 16314
1662044188 16312
1662044862 16313
1662045404 16286
1662045452 16285
1662103522 16285
1662106521 16285
1662108804 16268
1662110036 16301
1662110485 16310
1662111306 16304
1662112062 16303
1662117089 16299
1662117527 16299
1662122068 16300
